-6.169730266401620700e-01 1.022398195775830798e+00 4.803132462940399861e-01
1.722374906005438522e+00 4.067789267312123536e-01 -2.426593171094076684e+00
-1.142859645207517261e+00 4.426448924776731908e-01 1.483150805380613280e+00
4.879826954642403902e-01 2.155004750666686120e-01 -2.164060964966028511e+00
-6.031316221335484284e-01 3.703582627394218285e+00 -2.265659279747341159e+00
1.629624996129747094e-01 1.523932197395790666e+00 1.353176901094912843e+00
6.675459677415304105e-01 -8.790731053082427859e-01 -2.784266545835759832e+00
-3.242059663118858293e+00 -3.345261398470186776e-01 -2.108243376867464214e+00
-7.111352216781018365e-01 2.562389689493604905e+00 -1.836739995672663106e+00
-2.566343026943986860e+00 6.882331815275347653e-01 -1.770451944674081401e+00
-3.681281406058095396e+00 1.297916266677888064e+00 -1.899015193945872815e+00
-8.548792374422702345e-01 1.095301731415488256e+00 -1.314618866674011954e+00
